old/lab_1/01_raw_data/raster/terrain-50-dtm_3339469/ns/NS89.asc
ncols 200
nrows 200
xllcorner 280000
yllcorner 690000
cellsize 50
[rows 0 to 39 of 200, columns 0 to 91 of 200]
153.3 155.6 153.7 150.7 150 146.1 142.8 154 161.7 167.8 169 171.4 179 183.9 185.9 188.2 190.4 194.2 200 208.6 215.8 220.1 226.6 231.3 236.8 243 249.6 254.2 256.3 257.7 258.3 258.2 255.1 248.8 242.1 235.1 229.6 225.9 221.4 223.4 225 230.5 235.8 239.7 252.2 265.4 275.5 296.6 305.9 311.8 309.6 312 313 314.3 317 320 322.2 327.3 334.9 346.2 355 367.1 376.1 390.8 400.1 413.2 415.9 414 406.7 403 396.7 382.9 371.2 360.9 354.6 348.7 348.2 350 355.2 360.3 366.6 378.6 392.6 400.2 403 402 403.5 404.7 399.6 392.4 380.5 368
148.2 152.6 146.3 131.3 135.4 147.4 159.2 159.4 159.9 164.2 166.7 170.4 174.6 181.8 186.3 189.7 191.6 195.2 200.4 208.4 217.9 225.1 230.6 235.4 241.8 249 252.5 256.7 259.7 260.9 263.6 264.1 259.2 253 246.2 238.5 230.9 225.8 221.9 221.7 222.5 227.4 231.8 239.2 254.5 270.6 283.6 303.2 313.4 320.1 319.7 318.4 316.1 316.9 319.4 322.1 324.6 328.2 330.9 344 351.6 361.5 370.9 388.1 397.2 409.5 414.4 413.9 406 398.9 392.8 380.8 364.3 353.4 348.1 345.5 340.3 341.1 348.7 356.3 362.5 374.9 386.3 392.8 399.4 397.3 395.6 397 392.5 384 375 362.5
143.5 149.1 136.2 126.9 136.8 152.9 164.5 164.3 160.9 162.6 166.4 173.3 180.1 179.8 185 188 192.4 197 202 208.8 218.6 228 234 239 244.6 250.7 257 260.2 262.1 263.9 268.1 268.3 263.2 257.2 250.4 243.5 234.2 227.7 221 219.9 221.1 225.7 231.5 239.5 256.7 274.3 292.1 308.9 320.1 328.7 328.6 326.1 319.2 318.8 320.5 324 328.8 328.7 329 334 347.7 354.5 362.3 379.4 391.8 405.9 411 408.5 400.7 392.1 390 380.5 360.7 346.8 338.5 338.2 336.4 334.4 344.7 351.2 359.2 371.1 381.3 384.9 387.1 388 387.7 387.4 382.5 376.4 368 357.8
139.5 146.9 132.7 122 137.8 152.7 164.2 166.6 166 166.7 166.5 174.1 179.7 183.3 189.1 190.5 196.8 201.4 204.6 210.7 218.2 226.7 235 241.4 248.2 253.6 260.4 263.3 265.2 267 269.5 268.6 265.6 259.8 255 250.7 241 230.7 220.9 217.4 220.1 224.7 230.9 238.1 253 272 289.9 308.6 323.1 330.4 330.4 328.8 323.2 318.4 319.3 322.1 327 330.6 328.9 329.4 341.5 348 353.4 373.3 386.2 398.3 401.1 396.9 393.4 383.7 378.7 371.2 358.2 341.1 329.5 328.2 324.1 331.5 340.4 345.8 354.1 366 372.9 377.2 377.9 376.8 375.3 375.3 372.7 368.1 360.6 352.6
136.5 142.5 128.7 123.9 140.4 150.2 157.6 161.8 165.6 169 168.8 170.3 178.5 187.6 195.1 194.9 200.4 205.3 212.5 214 219.3 226.3 233.7 243.8 251.2 260 263.9 265.9 267.8 270.2 270.3 268 265.5 262.5 259.5 256.5 246.2 235.3 224.9 218 217.3 222.1 228.3 236.7 247.9 263.9 283.3 303.8 322.1 328.8 324.4 324.9 323.8 319.3 316.7 317 322.1 329.5 328 325.3 339.4 343.5 347 361.7 379.8 386.2 386.2 384.4 380.6 373 365.4 357.2 347.2 333.9 321 318.5 316 327.9 333.6 339.9 349.7 361.6 366.2 369.4 368.2 365.7 363.4 363.3 361.4 358.9 352.9 345.6
125.6 136.3 119.7 128.7 140.3 153.2 157.5 154.3 159.2 163.4 168.9 171.4 180.7 192.7 197.8 198.3 202.5 207.1 214.5 220.6 221 226.1 234.6 245.9 255.6 263.9 268.3 270.8 270 270.3 268.8 267.2 264.7 262.1 263.3 260.3 250.2 241.1 229.3 219.5 215.1 218.1 224.3 232.9 244.9 260.5 280 297.2 313.6 322.9 320.1 321.3 320.2 320.3 317.5 310.8 316.5 322.9 323.6 319.1 333.8 339.1 343.4 341.5 357.4 368 372.7 373.2 369.3 362.4 353.1 345.2 337.1 324.9 314.1 306.3 312.3 321.7 327.6 335 343.2 351.8 356.8 359 359 356.5 353 353.1 350.7 347.7 344.9 339.1
109.1 130.3 124.9 133 145.4 153.8 158.1 159.6 163.5 164.3 166.3 174 178 185.1 194.8 198.2 203.3 210.1 215.6 223.1 225.2 225.7 233.2 243.9 255.6 265.3 271.3 273.9 270.9 268.4 266 264.1 263.1 261 261.7 261.1 253.1 245.2 233.5 223.2 216.3 213.8 218.4 227.6 240 256.3 283.2 299.2 306.4 309.1 313 317.7 316.6 315.9 315.4 308.7 307.8 313.3 314.2 310.1 317.5 326.4 331.2 329.3 342.4 351.6 358.6 361.8 359.3 352.1 341.7 333 324.9 315.4 307.8 297.2 308.6 314.7 323 330.5 336.8 343.2 347.9 349.4 349.5 346.9 344.2 342.6 339.5 336.6 334.3 330.4
103.3 129.1 119.3 132.9 145.9 154.6 158.5 166 173.4 173 170.1 178.1 185 184.3 185.2 193.9 203.5 212.2 217.1 222.5 226.3 228.5 231.4 239.4 248 260 268.6 268.9 269.1 267.3 264.6 262 259.2 258.2 257.7 256.6 253.3 248.1 236.8 226.2 219.3 213.8 213.6 220.5 232.3 249.9 269.1 287.1 299.8 299.2 304.7 317.5 313.4 310.2 313.8 306.5 296.8 297.7 300.2 297.7 300.7 308.8 317.5 315.3 322 333.3 340.2 346.2 347.8 340.4 331.6 322.9 316.2 307.5 300.7 288.9 300.9 310.8 317.7 326.4 330.5 334.6 339.3 341.4 341.1 337.5 337 332.7 329 325.4 322.8 318.5
113.2 119.4 132.9 142.9 152.3 158.9 164.2 172.8 180.1 180.3 175 173.5 183.1 185.6 186.5 191.5 201.7 210.8 217.2 221.7 225.2 228.4 233.3 238.2 244.6 251 258.1 263.5 265 264.3 262.6 259.2 255.9 253.9 253.1 251 249 246.7 240.5 227.1 220.3 215.5 212 215.4 223 236.7 253.7 269.5 281.7 288.3 295.5 300.8 308.3 301.1 310.4 305.7 295.7 287.6 284.7 284.3 283 287.4 293.6 297.7 304.9 313 320.3 326.2 331.4 328.7 322.7 315.7 307.4 300 295 284.9 298.1 306.3 313.9 320.5 325.9 328.9 331.5 333 332.4 330.8 328.3 324.6 319.5 315 310.5 303.8
128.7 133.3 137.4 147.1 156 162.4 170.8 177.9 182.7 183 179.8 182.8 179.1 181.7 186.2 193.3 202 208.1 217.1 223.9 225.3 230.5 234.8 239.9 245.5 248.2 253.5 256.5 258.9 260.7 259.9 256.4 252.8 250 247.2 245.7 245.5 244.1 242 231.5 221.1 216.3 213 211.7 216 226.3 239.5 251.8 264.6 277.8 285.6 290.5 293.3 291.6 296.1 298.9 292 284.2 274.9 273.9 274.2 274.6 276.7 279.7 286.1 295.8 304.7 309.8 315.4 318.8 315.1 306.4 297.7 290.2 289.1 278.4 293.8 303.3 310.9 315.7 319.5 322 323.7 324.6 324.2 324.1 320.7 314.7 309.9 303.3 293.6 285.1
135.9 139.7 143.4 149.4 158.8 167.7 175.9 181.3 184.9 184.8 182.8 182.7 184.6 183.1 183.8 193 202.8 210.1 219.6 226.6 228.9 232.1 236.6 241.4 247.9 251.2 250.5 252.5 254.4 256.6 257 254.6 250 246.5 243 241 240.2 240.7 240.1 235.6 223.4 217.8 214.2 210.9 212.6 219.2 230.5 240.8 249.7 261 272 278.7 281.6 280.1 279 280.4 282.4 279.2 271.6 265.2 265.6 265 265.5 266.8 270.6 283.3 292.4 296.6 300.5 307.7 305.4 297.8 289.1 281 272.2 275.6 287.3 298 306.7 311.2 313.3 314.2 314.7 315 316.1 317 315.1 307.1 300.3 291 279.3 296.1
145 145.9 149 153.2 161.4 169.6 177.7 181.6 185.1 186.3 185.8 183.3 183.2 183.4 184.4 192.5 203.2 212.8 219.9 225.4 228.1 231.4 238.2 245.2 248.8 250.6 251 251.4 253.1 254.3 254 252.9 247.5 242.8 240 237.9 235.5 235.4 235.8 234.4 225.3 218.7 218 213.5 209.8 214.6 222.4 230.3 238 245.7 255.6 262.7 267 268.8 268 268.2 267.2 266.8 263.2 259.1 255.4 252.6 252.9 255.8 257.5 263.5 272.8 280 285.1 289.4 290 288.4 281.7 271.4 263.2 270.4 280 291.8 299.7 303.3 305.4 306.3 307.1 307.4 308 308.3 307.7 302.7 288.3 274.6 283.2 296.5
150.3 150.7 152.2 158.7 165.6 172.4 176.3 181.5 185.5 187.5 187.9 185.2 185.1 185.8 186.5 194.6 201.2 209.9 218.2 224 225.6 228.4 237.4 244 249.5 250.5 250.2 249.9 251.1 254.3 254.4 250 245.7 241.7 238.1 236.2 234 230.9 231.2 229.4 226.9 221.7 218.5 214.9 210.8 209.8 215.6 221.4 228.5 235.7 242.6 248.6 253.2 256.8 260.2 260.2 258.7 256.4 253.3 252.1 251 247 242.6 246.4 247.1 248.5 259.4 265.8 270.2 276.1 278.9 279.1 273.5 267.2 248.5 260.3 271.5 283.1 289.5 293.3 295.7 297.7 298.8 299.3 299.1 298.9 298.5 295.5 287.1 265.9 282.8 294.5
147.4 150.6 153.8 163.2 171.4 175.2 178.1 181.9 185.8 189.2 188.1 186.8 191.1 192.3 191.1 194.3 201.5 208.2 216.8 221.7 224.8 228.3 232.1 238.6 243.9 247.2 248.8 248.5 249.2 253.3 253.2 250.1 245.8 241.9 238.7 235.7 232.4 229.1 227.1 225.6 226 225.9 220.4 213.7 212 209 212 216.7 222.8 228.5 234 239 244.6 248.6 251.7 251.9 249.9 247.8 244.8 242.5 242.4 241 238 236.7 236.8 235.6 241.4 249.7 254.9 264.8 268.9 267.9 265.1 259.9 251.1 247.4 261.4 272.2 279.2 283.2 285.9 287.7 289.6 290 290 290 288.5 284.6 278.8 259.9 279.4 291.1
145.5 148.4 151.2 160.7 167.7 175.4 178.7 182.8 187 187.7 187.4 187.8 194.4 198 197.4 194.4 203.4 211.3 214.4 218.8 224.1 229.7 235 239.4 243 244.3 246 246.8 246.7 247.4 247.3 246.8 246.4 242.7 239.6 236.4 233.1 229.9 225.8 222.4 222.2 221.5 221 216.8 212.4 209.8 209.4 211.1 216.8 222.7 226.8 232 237.4 240.8 243.6 244.6 243 241 237.4 235.8 235.1 233.8 232.1 227.8 228.9 227.7 224.6 230.3 237.4 245 251.7 254.1 255 251.9 246.3 235 249.7 259.1 265.8 270.9 275.2 277.2 279 280.4 281.2 280.1 259.4 258.7 263.3 264.7 278.8 291.3
146.6 150 151.4 155 162.4 169.8 178.6 183.8 187.8 189.1 187.7 187.8 190.7 196.8 201 198.4 199.6 209.4 213.2 215.9 222 228.8 235.8 239.7 244 245.1 243 243.7 244.4 243.5 242.6 242.5 242.6 242.5 240.3 237 233.8 230.7 225.9 221.5 219.8 218.7 218 218.2 215.5 211.8 208.5 208.3 210.1 214.7 219.6 224.3 229.9 234.4 236.2 237.4 237.8 236.5 233.3 231.3 230.2 227.5 225.7 220.7 221.5 220.2 218.7 219.3 224.6 229.3 234.8 238.9 240.8 240.7 240.3 225.7 236.7 245 252.9 258.7 263.6 266.8 268.6 270.5 272.4 270.9 248.2 225.4 257.4 265.4 278 288.7
147.8 152.1 153.9 155.9 156.7 164.2 172.8 181.4 189 191.1 188.2 187.9 190.3 193.1 199.9 201.2 197.4 202.3 207.7 214.1 219.4 224.5 232.9 236.9 239.7 241.4 242.4 239.8 240.2 240.5 239.6 239.2 239.2 239.2 238.2 236.8 237.3 234.7 230.3 224.8 219.2 217.4 216.5 216.8 218.8 217 212.6 210.9 208.6 209.8 212.5 215.4 224 229.5 231.4 232.3 233 232.2 231.1 228.3 224.1 221.7 218.5 213.8 212.3 212.5 213.5 213.6 215.6 215.6 219.3 224.7 227.9 230.2 231.7 225.2 228.7 234.6 242 247.4 253.4 257 259.3 261.2 262.8 261.9 245.1 213.9 248.4 262.3 276.1 285.7
145 151.4 155.2 157.5 160.2 163.9 171.9 180.1 186 187.5 188.4 188.4 192 194.9 196.8 201.1 199.6 199.5 204.6 211 215.9 220.3 225.1 229.9 232.9 234.7 237.6 238.7 236.6 235.3 235.6 237 236.2 235.9 236.6 236.5 239.1 237.3 233.5 227.9 222.2 218.2 215.5 214.4 218.5 219.8 216.4 214.1 212 209.8 207.7 210.1 217.8 225.3 226.7 228.2 229 228.6 227.6 227.6 226.9 222.5 220.2 213.5 202.8 202.7 207.5 210.4 206.1 207.2 207.9 210.8 215.3 219 220.9 220.4 221.5 224.7 231.1 236.9 242.1 246.3 248.9 250.7 252.3 252.5 238.1 205.7 242.9 261.8 272.7 282.2
145.9 151 155.1 158.9 162 166 171.5 179.2 182.6 184 185.5 189.7 192.6 195.5 199.3 201.5 199.8 197.6 201.9 208 213 217 218.9 222.8 226 229 231.7 232.2 232.6 231.6 232.6 233.8 235.2 234.3 233.4 236 238.4 237.1 233.3 229.7 225.3 221.6 217.8 214.9 213 213.7 214.8 213.1 212.9 212.2 208.6 206.3 210.1 217.1 222.5 225.2 226.6 224.8 223.5 225.7 227.2 224.7 220.3 213.4 202.5 202.7 198.4 202.4 201.4 197.8 206.3 205 202.2 205.9 208.4 207.2 210.4 216.1 219.3 224.5 229.6 234.7 237.9 240.1 241.8 242 227 207.1 242.4 255.6 266.4 276.6
146.3 151.4 156.1 158.8 163.4 165.3 170.3 176.6 179 180.4 184.2 189.5 192.8 195.4 198.2 202.3 203.4 198.4 196.6 204.7 209.8 211.8 213 215.8 220.2 223.5 226.6 228.8 228.9 228.5 229.8 231 232.2 231.7 230.1 232.7 236.1 235.5 232.6 229.3 227.3 224 221.1 218.3 215.6 212.9 211 211.8 212.4 212.5 211.9 210 205.9 207.5 212.1 216.4 222.8 224.1 219.3 216.7 216.9 214.1 207.8 201.9 201.7 201.7 196.5 190.9 192.2 191.9 198.5 200.7 199.5 198.4 199.2 198.3 199.2 206.9 209.1 212.3 217.5 222.6 226.5 229 231.4 233.2 223.8 199.5 234.5 250.1 259.3 267.6
146.5 151.9 156.8 161.2 164.2 164.9 169.1 174.6 176.1 176.6 183.1 187.8 190.6 192.8 195.1 199.5 205.5 200.2 196.5 196.2 203.3 207.4 208.8 209.9 214.3 217.8 220.8 223.5 225.1 226.5 228.2 228.6 229.3 228.5 227.6 229.8 232.8 231.7 229.1 227.8 228.5 227.1 224.2 220.7 218.9 216.3 212.7 210.7 210.6 211.8 212.4 213.2 210.3 209.4 207.3 206 214.1 219 212.4 210.2 203.8 201.7 201.7 201.7 201.7 201.7 200.3 186.1 187.5 183.2 192.8 193.3 195.6 198.5 197.7 192.6 190.5 196.5 199.5 200.4 205.4 210 214.6 217.4 221 224.1 215.7 191.3 222.6 241.4 253.6 260.2
144.9 150.6 156.1 161.5 166.3 168.4 168.2 172.6 173.7 173.5 178.3 184.4 187.8 190 192 195.9 199.9 201.7 198.5 194.9 196 201.1 204 206.2 209.2 211.6 214.2 217.1 220.5 224.4 226.1 227 226.9 226.3 225.6 226.3 227.9 229 227.8 227.9 229.3 229.4 226.2 222.7 223 220.9 217.2 212.5 210.8 210.1 214 216.2 216.5 215.7 213.3 207.6 204.6 206.5 203.5 201.7 201.7 204.7 208.4 208.5 210 213.5 207.8 202.1 195.8 186.1 183 174.5 189.8 193.5 193.1 196.1 189.2 182.1 182 188.7 194 198.5 202.7 206.4 210 213.9 211.6 181.3 215.6 232.6 242.8 249.7
143.9 148.2 154 159.7 165.1 168.8 170.4 171.5 172 171.7 174.6 180.4 184 187.3 189 192.5 195.2 197 197.8 196.5 193 194.2 197.3 201.3 203.6 205.7 207.6 211.7 215.9 219.6 222.5 223.2 223.1 222.6 222.6 223.1 224 225.2 225.2 226.2 230.3 229.8 227.2 223.3 225.6 225.5 221.3 216.7 213 210.3 209.2 212.2 213.6 212.1 206.3 205.4 208 201.7 201.7 211.3 215.7 215.2 215 217.8 221.1 220.5 215.1 207.6 200.7 193.4 187.3 185.8 170.9 185.7 188 189.9 191.5 191.1 187 174.5 183.5 188.7 191.6 194.9 198.6 202 201.3 177.3 209.1 225.5 235.2 240.4
143.9 147 152.2 157.7 163.1 166.4 169.5 170.5 170.8 170.5 172.5 178.2 181.5 183.8 184.6 187.7 190.7 192.5 194.1 194.2 192.5 191.9 192.7 195.4 197.8 199.3 201 207.7 214.5 216.1 218.7 218.6 217.8 218.6 218.8 219.9 221.2 223.6 224.8 226.7 230.1 231.1 229 225.4 225.1 224.5 222.5 219.5 215.1 212.1 210.7 208.7 206.8 207.6 210.2 215 216.9 215.6 215.7 217.6 219.1 220.1 221 223.2 224.4 223.6 218.6 212.8 206.5 200.8 196.2 189.8 176.4 171.1 176.1 180.9 182 181.5 178.6 173.8 161.8 173.5 180.5 183.5 187 188.9 189.3 185.6 175.2 208.6 222.4 228.9
142.5 146.2 150.2 155.5 161.1 164 166.6 169.5 169.6 169.5 171 175.6 179.1 179.4 180.2 183.2 186.1 187.7 189 190.3 190.7 190.3 191.8 192.7 193.6 195.7 198.8 205.2 212.5 215.4 215.5 212.6 212.4 213.9 215.8 217.7 219.9 224.5 227.9 229.7 227.8 226.7 226 225 223.7 222.4 219.2 217.5 214.8 216.8 215.9 212.2 211 206.9 209.9 214.9 218.7 218.9 218.4 219.6 220.2 219 220.1 222.3 224 223.8 221.3 217.7 212.7 206.3 201.3 196.1 188.1 179.4 172.1 162.8 169.2 169.3 166.5 160.3 159.6 158 152.8 167.9 174.1 176.5 179 175.6 170.6 184.7 203.5 215.2
140.6 143.5 148.6 153 160.2 163.3 165.8 167.5 168 168.6 170.1 173 175.6 175.8 176.4 176.4 179.1 181.1 184.4 186.6 187.9 189.9 191.1 191.9 192.1 193.7 199.4 207 212.3 213.7 212.8 209.2 210.1 212.5 217.1 219.3 222.6 227.7 230.3 231.3 229.2 225.6 224 222.4 222.3 222.2 223 222 221.6 220.2 218.2 214.9 212 211.4 212.7 212 213.6 214.7 215 215.7 217.6 217.8 219.3 221.4 223.3 223.7 222.3 220.2 216.4 210.8 205.3 201.5 195.8 190.6 183.7 172.7 170.9 166.2 158.7 150.1 145.2 142.7 140.9 144 156.6 159.9 162.5 160.3 166 165.4 184 198.6
143.7 141.4 146.9 151.1 158.1 161.7 161.9 164.5 164.2 164.3 166.9 170.2 171.2 171.7 176.4 176.4 176.4 176.4 179.4 182.7 185 188.3 189.8 191.2 191.3 192.6 200.9 207.3 211 212.1 210.1 207.4 209 214.8 219.7 222.1 224.2 228.8 232.4 231.9 229.5 226 223.9 223.8 224.5 227.2 230.4 230.7 228.5 222.9 217.8 213.9 211.7 213.7 216.5 217.3 216.9 214.7 218 220.6 218.1 220.9 220.3 221.8 223 224.1 223.9 222.5 219.6 215.6 210 206.5 202.1 198.2 184.1 187.4 181.3 176.1 173.6 170.3 167.5 162.8 156.2 144.4 137.8 137.2 142.2 147.4 148 155.7 168.2 181.1
146.7 146.1 146.9 148.6 155.5 157.7 157.9 163 165.8 168 170.9 171.8 169.9 170.7 176.4 176.4 176.4 176.4 176.4 180.1 183.5 186.3 186.9 188.9 190.5 191.7 196 203.4 208.4 210.7 207.8 206.6 207.4 210.1 217.3 222.3 224.3 228.4 232.6 234.6 232.8 229.2 226.4 224.9 228.6 231.7 232.3 231.7 229.5 223.9 216.9 214.5 213.8 214.9 218.1 221.4 222.5 221.8 220.6 220.3 220.2 221.9 223.9 225.2 227.1 228.2 227.4 225.9 223.6 219.8 215.9 210.8 205 199.8 198.8 196.3 192.1 176.3 182.9 178.6 177.2 172.3 170 162.6 158.8 152 141.5 131.8 131.4 140.4 151.5 162.8
150.5 148.7 150.1 152.2 154.3 156 159.8 166 167.8 169.3 170.8 171.9 170.5 171.8 176.4 176.4 176.4 176.4 177.2 179.6 181.6 183.7 183.6 186.5 188.9 191.3 193.4 197.6 203.6 207.4 204.8 205.1 206.2 208.4 212.9 220 223.9 226.9 229.3 230.3 230 228.7 227.6 227.2 229.6 232 231.1 230 228.1 223.3 219.4 217 216.2 218.5 226.2 230.9 231.9 231.4 228.5 225.8 224.7 222.4 224.8 228.8 231.3 233.2 232.8 231.6 229.2 225.3 221.1 215.3 208.4 205.2 203.1 198.9 190.6 187.1 193.5 190 186.3 183.8 182 175.4 172.4 166.2 161.4 148.1 139.4 126.2 130.4 140.2
153.1 150.8 152.2 154.2 158 160.1 161.8 167.1 170.3 172.7 173.1 173.3 172.5 174.9 177.3 176.4 176.4 176.4 176.4 176.6 180.7 180.9 183.9 187.5 189.2 191.2 192.7 194.2 196.3 201.5 210 208.6 206.3 207.4 212 221 225.1 227 228.2 228.4 229.4 230.8 230.3 231 232.3 234.4 230.5 228.7 228.7 229.1 230.9 229 220.2 224.5 236.5 242.6 244.7 241.9 237.7 234.9 231.9 230.6 228.6 228.7 236.1 238.7 238.1 236.7 234.9 231 225.4 219.1 215.8 208.4 205.2 202.2 198 195.8 197.4 196.3 196.9 195.1 191.3 189 185.1 181 174 163.7 153.7 141.9 130.3 122
152.9 153.4 153.8 156.6 159.7 162 164.9 169 172.3 176 176.5 176 175.9 176.4 179.8 181.1 177.6 176.4 176.4 176.4 176.7 179 182.9 186.8 188.7 190.4 191.5 193.9 201.6 208.7 214.1 213 210.6 207.1 210.7 218.3 225.6 227.9 227.8 227.2 228.7 233 234.6 235.2 236 237.3 233.4 230.4 237.4 238.3 239.7 238.4 231.8 226.7 243.5 252.5 255.7 255.3 249.8 245.2 242.6 240.2 238.3 235.6 236.5 244.1 243.9 241.9 240.2 234 229 224.5 218.1 212.7 212.2 210 205.4 206.7 203.9 202.6 202.9 202.1 201.1 200.3 197 192 183.5 173.9 165.2 157 147.9 133
152.4 154.6 155.7 159.2 160.8 162.5 166.1 169.9 173.1 176.1 177.9 176.9 178.2 178.9 181.1 181.8 180.9 180.7 179.9 176.9 179.4 178.7 181.9 185.6 186.9 188.3 189 194.4 201.6 210.3 216.6 217.5 213.8 210.4 208.8 214.4 223 226.5 226.4 227.4 229.7 235.9 238.7 239.2 239.4 239.7 232.3 238.1 243 245.3 247.2 247 241.1 231.8 254.2 264.2 265.6 264.5 258.8 254.4 251.6 250.7 248.9 246 242.5 241.9 244.2 245.5 244.6 240.5 234.7 230.7 225.3 219.3 219.6 215.9 211.5 213.6 213.3 214.6 211.3 210.9 210.2 208.2 205.6 201.9 194.5 183.9 175.5 168.3 156.9 148.6
152.9 155 157.5 162.6 163.3 163.7 166.6 170.9 174.1 176.9 178.2 178.7 179.3 182.1 183.8 184.9 183.7 181.8 183.1 182.4 181.8 179.1 180.1 182.1 184.6 189.6 192.4 197.9 205.1 211.7 217.4 218.7 217.5 214 211.6 213.1 218.5 225.3 228 228.1 231.7 237.9 244.4 243.6 240.6 237.7 233.1 242.8 248.8 254.1 256.9 254.3 247.5 246.1 247.3 273.6 280.3 279.5 271.3 264.3 262 261.8 260.5 256.8 252.2 248.4 246.2 245.2 245.2 244.4 240 237.1 238 228.8 232.2 225.3 226.1 224.7 222.4 221.6 220.9 219.9 220 217.7 214.4 210.5 204.8 195.1 188.3 180.9 168.1 158.6
154.5 156.3 159.8 162.9 164.8 165.9 167.9 171.5 175 177.7 179.1 180.3 180.9 184.1 186.7 188.1 188 187.2 185.6 183.2 182.2 180 179.5 182.5 188.1 192.5 196.4 203 211.1 218.4 222.2 222 220.4 217.6 213.9 215.2 221.6 228.1 231.6 231.6 234 241.1 247.9 247.9 243.5 237.7 236.9 247.3 257.2 263.6 268 267.5 261.3 253.5 255.3 265.8 287.9 292.3 286.4 278.9 276.7 276.4 273.4 267.7 261.6 254.4 250.4 248.6 248 250.1 249.1 249.5 248.8 242.3 242.1 244.2 239 234.7 232.2 231.9 229.4 230.3 228.8 226.3 224 221 216.8 208 199.7 192.1 177.8 166.5
154.5 158.7 161.3 162.7 164.9 168 170.1 172.3 175.4 178.1 180.1 181.2 182.9 186.1 189.3 191.8 191.5 193.7 193.8 191.4 184.4 180.6 180.3 182.1 190.2 194.9 198.9 204.4 212.2 221.9 233.3 230.5 225.5 222.2 218.4 215.8 229.5 233.2 235.4 238.6 240.9 246.2 250.3 251 247.6 242.3 240.8 250.5 262.5 270.7 278.5 280.6 276.1 262.6 264.3 271.1 276.3 293.3 293.7 293.7 293.6 290.1 286.2 280.5 272.3 263.3 257.4 253.2 255.3 257.1 258.4 258.6 257.9 256 255.6 255.2 254.3 254.1 248.5 241.6 241.1 239.4 237 235.5 232.5 233 232.3 222.4 210.9 201.3 184.3 171.4
154.8 161.4 163 163.2 165.4 168.7 172.1 174.2 176.1 178.6 181.1 182.8 185.1 188.9 193.9 197.3 200.2 202.1 202.2 203.2 189 186.4 185.4 181.8 186.4 193.6 197.9 204.4 210.7 219.7 233.3 242.4 236.1 228.9 223 220.7 224.8 235.3 238.2 242.2 247 250.3 251.5 253.1 252.1 248.2 247.7 249.9 264.4 274.7 285.2 290.8 286.2 270.3 275.5 288.4 290.5 289.7 300.3 304.3 305.7 303.8 298.8 293.7 285.9 275.9 265.7 259.5 263.7 266.2 267 267.3 268.2 268.4 267.5 263.8 265.9 268.1 265.6 256.3 248 246.8 245.1 241.7 239.9 240.4 238.6 231.1 220.3 205.3 188.9 175.5
157.8 162.2 161.5 162.9 165.9 169.3 173.5 176.1 178.1 180.3 182 184.3 188.1 192.3 197.2 202 210 213.6 213.9 212.8 198.3 192.5 193.2 189.3 180 185.6 192.2 201.1 208.3 217.6 227.1 237.4 245 239.3 231.5 227.5 226.2 230.4 238.2 242.5 249.3 252.7 254 254.8 256.6 254.3 254.7 255.1 261 273.8 280.3 288.8 291.5 279.7 286.2 302.4 310.3 306.2 308.1 319.4 321.2 318.1 312.3 308.6 301 289.3 279.3 275.4 271.5 275.1 275.7 277.9 280.7 280.8 277.9 276 278.3 279.2 280.1 273 261.8 255.6 252.7 241.8 244.5 243 245.6 233.9 221.3 205.2 191.4 179.7
164.1 162.8 160 160.7 163.4 170.8 176.3 180.3 183.7 185.4 186.7 187.8 189.8 196 199.5 208.9 217.7 219.6 219.6 217.8 208.1 203.1 196.6 192.9 183.3 181 186.9 200.5 210.3 217.2 224.8 231.6 240.2 244.3 242.6 237.9 234.2 235.9 235.6 240.5 250.7 258 261.2 261.4 262.2 259.8 260 259.9 259.8 270.1 278.1 286.6 291.1 288.3 293.6 310.6 321.6 324.2 314.3 333.2 341.2 337.5 327.2 325.5 319.3 307.1 296 289.6 286.1 284.6 285.6 289.3 290.8 291.4 287.1 291.4 292 292.9 286.7 279.4 273 266.6 257.6 243.4 246.4 244.5 243.9 236.3 219.4 206.2 191.6 182.6
165.5 164.8 159.8 158.5 161 169.9 178.7 183.3 187.3 190.7 192.9 193.1 194.1 195.4 201.1 212.3 220.1 223.5 225.1 224.9 215.3 211.2 199.9 191 182.3 180.8 182.9 200.5 214 222.2 228.8 231.7 235.9 241.7 245 247.3 242.4 242.2 243.8 245.9 249.7 256.8 262.6 265.7 265.6 264.3 264.2 263.6 266.3 271.6 284.1 295.4 296.4 293.5 297.9 315.8 328.6 334.8 334.3 330.2 347.1 350.4 343.1 340.6 338 327.2 314.9 305.8 297.7 293.7 300.1 303.3 303.7 300.5 298.3 302.7 302.3 302.4 295.2 292.5 288.3 280.3 258.6 248.8 235.2 240.2 236.5 231.5 218.7 206.4 193.5 184.5
164.7 164.7 160.2 157.4 158.5 163.4 172.8 182.7 187.1 193.3 196.1 196.7 196.7 196.8 200.7 208.6 221.1 226 225.1 223.4 217.7 211.2 200.1 190.1 181.9 181.1 182.7 187.2 203.8 219.2 227.7 233.4 236.2 236.7 239.9 242.7 247.8 249 251.3 253.8 257.4 259 262.9 268 268.5 268.6 268.8 270.6 272.2 277.4 284.9 301.6 302.3 298 308.7 317.2 331.7 340.4 343.2 338.1 345.5 352.5 353 353.5 349.6 343.8 334.1 322.2 310.8 304.7 310.4 315.4 315 313.7 311.7 312.3 311.5 310.5 298.8 302.1 295.9 286.5 263.6 256.3 239.6 225.7 227.8 226.5 216.2 205.3 194.3 183.8
