old/lab_1/01_raw_data/raster/terrain-50-dtm_3339469/ns/NS89.asc
ncols 200
nrows 200
xllcorner 280000
yllcorner 690000
cellsize 50
[rows 80 to 119 of 200, columns 0 to 91 of 200]
10.7 10.4 10.7 10.5 10.3 10.2 10.5 12.3 19 23 27.9 39.9 51.6 49.9 45.7 41.2 38.4 38.1 38 37.9 35.9 34.2 33.8 32.7 30.7 31.3 33.1 30.1 25.5 20.8 16.1 14.7 14 13.4 12.7 12.1 11.8 11.8 11.8 11.8 11.8 11.9 12 12 11.6 11.1 10.5 10.2 9.6 9.5 11 10.9 10.8 10.8 10.8 10.8 10.6 10.5 10.5 10.7 11 11.2 11.4 11.6 11.5 11.6 11.7 11.6 11.7 12.3 11.9 11.9 12.2 12.2 11.7 11.2 10.9 10.6 10.4 10.5 10.4 10.4 10.2 9.3 8.2 8.4 8.8 8.7 8.5 8.7 8.8 8.6
9.9 9.3 9.8 10.3 10.1 10 10.3 11.6 16 23.3 24.5 33 44.8 47.4 44.7 40.7 38.3 38.7 37.7 37.3 38 49.1 51.6 40.2 31.4 26.7 25.2 26.2 22.5 19.4 16.2 15.6 14.9 14.3 13.6 13 12.3 11.7 11.7 11.7 11.7 11.8 11.9 12.1 11.5 11.1 10.6 10.4 10.3 8.5 10.5 10.4 10.4 10.4 10.5 10.6 10.5 10.4 10.3 10.3 10.2 10.5 10.7 10.7 10.6 10.4 10.3 10.4 11.1 11.2 11.2 11.2 11.3 11.5 10.9 10.4 10 9.7 9.8 9.7 9.1 9.1 9.8 9.2 8.5 7.8 6.7 8.1 8.3 8.5 8.5 8.3
8 8.2 8.7 9.1 9.6 9.8 9.6 9.6 15.2 21.7 24 27.8 35.5 41 42.4 39.6 38.5 39.4 40.1 40.3 54 63.2 56.9 39.7 32.7 30.3 24.1 20.4 17.8 14.8 15.1 14.9 14.7 14.6 14.4 13.9 13.2 12.6 11.9 11.5 11.5 11.7 11.4 10.8 10.5 10.3 10.3 10.6 10.8 7.9 10 10 9.9 9.8 9.6 10.5 10.4 10.4 10.3 10.3 10.2 10.2 10.1 10.1 10 10 9.9 10.2 10.7 10.9 10.8 10.7 10.7 10.6 10.7 10 9.8 9.8 10 10 9.8 9.4 9.5 9.5 9.1 8.6 7.9 7.7 6.5 7.6 8.2 8
8.3 8 8.5 9 9.4 9.8 10.2 10.6 10.7 17.1 21.5 25.7 31.1 35.3 37.9 37.9 38.7 42.1 44.6 57.7 72.8 66.7 51.9 34 32.5 31.5 28.1 22.7 21.3 16.2 15.3 14.9 14.6 14.3 14 13.7 13.2 12.7 12.2 11.7 11.3 11 10.7 10.5 10.6 10.5 10.1 9.4 9.5 7.4 8.9 8.7 8.6 9.2 10.4 10.3 10.2 10.2 10.2 10.2 10.1 10.1 10 10 9.9 9.9 9.9 10.4 10.6 10.8 10.6 10.5 10.5 10.4 10.3 10 9.7 9.8 10 10 9.6 9.2 9.1 9.4 9 8.6 8 7.6 7.9 7.5 6.7 7.7
8.8 8.1 8.6 8.9 9.3 9.7 10 10.4 11.1 11.7 15.9 20 28.1 32.6 29.2 34.7 42.1 47.8 58.6 81.2 80.6 66.1 49.2 33.6 30.8 29.5 27.8 27.4 24.7 16.4 15.8 15.5 15 14.5 14 13.5 13 12.5 12 11.5 11 10.8 10.7 10.4 10.2 10.6 10.4 9.8 9.2 7 7.5 7.8 9 10.1 10.2 10.2 10.1 10 10 10.1 10 10 9.9 9.9 9.8 9.8 10.1 10.4 10.5 10.6 10.5 10.3 10.3 10.2 10.1 9.9 9.7 9.7 9.9 9.7 9.3 8.9 8.8 9.3 9 8.5 7.9 7.5 7.9 7.6 4.3 6.8
8.9 8.4 8.5 8.8 9.2 9.5 9.9 10.3 10.6 11.3 11.5 12.9 18.1 28.3 28.4 32.8 43.2 58.9 83.5 93.2 83.3 66.9 49.9 35 28.6 27.4 26.8 26.2 22.1 15.9 14.9 14.6 14.3 14 13.6 13.2 12.7 12.2 11.7 11.2 10.8 10.7 10.6 10.3 10 9.9 10.2 10.3 9.5 7.7 7.5 8.7 9.9 10.2 10.1 10 9.9 9.8 9.7 9.8 9.9 9.9 9.8 9.8 9.7 9.9 10.2 10.3 10.4 10.5 10.4 10.2 10.1 10 9.9 9.7 9.5 9.4 9.2 9.5 9.1 8.7 8.4 8.9 8.9 8.4 7.8 7.5 8 7.6 7 7
9.8 9.8 9.8 9.9 9.9 10 10.1 10.2 10.5 10.9 11.2 11.7 12 15.6 20.7 28.6 42.7 81.8 111.1 98.6 83.1 67.4 50.8 36.3 31.3 28.2 25.3 27.1 21.9 15.5 14 13.7 13.4 13.1 12.8 12.5 12.2 11.8 11.5 11 10.6 10.7 10.5 10.2 9.9 9.7 9.6 9.8 9.1 6.9 8.5 9.7 10.1 10 9.9 9.8 9.7 9.6 9.5 9.5 9.6 9.7 9.7 9.7 9.6 9.9 10 10.1 10.3 10.4 10.3 10.1 9.9 9.8 9.7 9.5 9.3 9.2 9.1 9.2 8.9 8.5 8.1 8.5 8.9 8.3 7.7 7.6 8.1 8.1 6.2 6.6
10.6 11.1 11 11 11 10.9 10.9 10.9 10.8 10.8 10.4 10 10 11.6 11.8 15.8 39.6 90.8 107.1 96.4 84.3 67.8 53 38.5 35.1 32.1 31.7 34.7 26.2 15.1 13.2 12.9 12.5 12.2 11.9 11.6 11.3 11 10.7 10.6 10.6 10.6 10.4 10.1 9.8 9.5 9.4 9.5 8 7.4 9.5 10 9.9 9.8 9.7 9.7 9.6 9.5 9.4 9.3 9.3 9.4 9.5 9.6 9.7 9.8 9.9 10 10.1 10.2 10.3 10 9.8 9.7 9.6 9.4 9.2 9.1 9 8.9 8.7 8.3 7.9 8.2 8.5 7.9 7.5 7.7 8.1 7.8 7.5 7.1
10.1 10.3 10.2 10.1 10.1 10.1 10 10 9.9 9.9 8.9 8.3 8 8.6 9.3 10.7 32.1 84.7 104.2 96.1 82.1 70.3 58.4 44.3 37 33.1 32.7 33.8 23.9 14.6 12.7 12 11.7 11.4 11 10.8 10.6 10.5 10.4 10.3 10.3 10.4 10.2 10 9.7 9.4 9.3 8.8 7.7 6.9 9.7 9.8 9.8 9.7 9.6 9.5 9.4 9.3 9.2 9.1 9.1 9.2 9.3 9.4 9.5 9.7 9.8 9.9 10 10.1 10.2 10 9.7 9.5 9.4 9.2 9.1 9 8.9 8.9 8.8 8.4 8 7.7 7.7 7.8 7.6 7.8 7.7 7.3 7.1 6.8
10.1 9.7 9.3 9.3 9.2 9.2 9.1 9.1 9.1 8.5 7.5 7 7.3 7.8 8.3 8.9 18.7 69.8 100.1 95.6 84.1 73 63.2 50.8 40.1 32.5 30.7 28.4 22.7 13.7 12.2 11.1 10.8 10.7 10.7 10.6 10.5 10.5 10.4 10.3 9.9 10 9.7 9.5 9.3 9.3 9.7 8.4 8.3 6.9 8.4 8.6 8.7 8.9 9 9.1 9.2 9.1 9 8.9 8.9 8.9 9 9.2 9.4 9.5 9.6 9.8 9.9 10 10.1 9.9 9.7 9.4 9.2 9.2 9.1 9.1 9 9 9 8.6 8.3 8 7.8 7.7 7.6 7.7 7.3 6.9 6.7 6.5
9.5 9.1 8.7 8.4 8.3 8.3 8.3 8.2 8 7 6.8 7 7.3 7.9 8.4 8.8 16.3 39.7 94.9 97.8 87.1 76 67.8 58.7 47.9 35.4 29.4 23.9 17.5 12.1 11.4 10.9 10.9 10.8 10.7 10.7 10.6 10.6 10.5 10 9.3 9.5 9.5 9.5 9.5 9.8 9.7 8.2 7.2 6.4 7.2 7.4 7.5 7.6 7.8 7.9 8 8.2 8.3 8.4 8.6 8.6 8.8 9 9.2 9.3 9.5 9.6 9.7 9.9 10 9.8 9.6 9.3 9.2 9.2 9.2 9.2 9.2 9.1 9.1 8.9 8.6 8.4 8.1 7.9 7.6 7.3 6.9 6.5 6.2 6.3
9.1 8.5 8.2 7.8 7.5 7.4 7.4 7.4 6.6 6.6 6.9 7 7.4 7.9 7.9 7.8 8.6 19.5 50 84.1 80.7 77.2 70.7 63.4 54.3 39.9 29.5 23.3 15.1 12.3 11.2 10.3 11 10.9 10.8 10.8 10.7 10.7 10.1 9.5 9.2 9.4 9.7 9.7 9.9 8.8 8.4 8.1 7.8 7 6.2 6.4 6.6 6.9 7.1 7.3 7.5 7.7 7.9 8.1 8.3 8.7 8.6 8.8 9 9.1 9.3 9.4 9.6 9.7 9.8 9.7 9.5 9.3 9.1 9.1 9.1 9.1 9.1 9.1 9.1 9 8.9 8.7 8.4 8.1 7.9 7.7 6.5 6.1 4.2 4.2
9 8.1 7.4 7.2 6.8 6.6 6.5 6.1 6.3 6.8 6.9 7 7.5 7.2 6.3 6.9 7.7 8.4 18.3 40 67.2 72.1 67.9 60 52 41.1 29.4 25.6 17.5 12.1 11.1 9.7 10.5 11 10.9 10.9 10.8 10.2 9.9 9.6 9.3 9.3 9.6 9.8 9.5 9.1 8.8 8.5 8.2 7.7 7 6.4 6.6 6.8 7 7.2 7.4 7.6 7.8 8.1 8.5 8.9 8.7 8.6 8.8 8.9 9.1 9.2 9.4 9.5 9.7 9.6 9.4 9.2 9.1 9.1 9.1 9.1 9.1 9.1 9 8.8 8.9 8.9 8.6 8.4 8.2 8.1 7.7 4.2 7.7 7.1
9.3 9 8.2 7.3 6.5 5.8 5.6 6 6.8 6.9 7 7.1 6.4 5.6 5.2 6 6.6 7.4 8.3 16.6 30.2 59.1 59.5 49.1 46.1 39.1 27.5 19.8 14.4 11.6 10.9 9.5 9.9 10.6 11 11 10.5 10.2 9.9 9.6 9.4 9.3 9.6 9.3 9.2 9.2 9.1 8.8 8.5 6.3 7.7 7.4 6.5 6.7 6.9 7.1 7.4 7.6 7.8 8.2 8.6 9 8.9 8.7 8.6 8.7 8.9 8.9 9 9.1 9.1 9.4 9.3 9.1 9.1 9 9 9 9 9 8.9 8.6 8.6 8.8 8.9 8.6 8.5 8.2 8.1 4.9 7.3 6.9
8.9 8.7 8.4 8 7.2 6.4 4.6 6.2 6.2 5.3 -1 -1 -1 -1 4.2 4.8 5.5 6.4 7.4 8.3 12.4 23.1 51.5 48 43.1 35.3 27 19 12.3 11.3 10.5 9.3 9.9 10.6 11 10.8 10.5 10.2 9.9 9.6 9.5 9.4 9.4 9 8.7 8.7 8.6 8.6 8.6 7.4 7.1 8.9 7.7 6.7 6.9 7.1 7.3 7.5 7.8 8.4 8.8 9.2 8.8 8.4 8.6 8.1 8.2 8.3 8.3 8.4 8.4 8.7 9.2 9.1 9.1 9 9 9 9 8.9 8.8 8.4 8.2 9 9 8.5 8.1 7.6 7.7 7.8 4.9 4.3
8.1 8 7.8 7.7 7.6 5.7 -1 -1 -1 -1 -1 -1 -1 -1 -1 -1 4.5 5.3 6.3 8.1 9.3 9.6 17.1 35.6 44.4 34.5 26.9 20.1 12.8 10.6 10.8 10.5 11 10.4 9.8 9.6 10.1 10 9.7 9.4 9.4 9.3 9 8.6 8.2 8.2 8.1 8.1 8.3 9 5.5 8.9 8.2 8.1 6.9 7 7.2 7.4 8.1 8.5 8.8 8.8 8.3 8.5 8.7 8.6 7.5 7.6 7.7 7.7 7.8 8 8.4 9.1 9 9 9 8.9 8.9 7.9 7.8 7.7 7.5 8.2 7.9 7.6 7.5 7.3 7.3 7.4 6.8 5.5
7.9 7.9 7.8 7.7 5.4 -1 -1 -1 3.3 3.3 3.4 3.3 2.7 -1 -1 -1 -1 4.3 6 7.9 8.8 8.8 7.5 11 21.2 32.2 29.3 22 12.4 10.1 11.1 10.5 9.8 9.2 8.5 8.2 8.6 9 9.4 9.2 9.2 8.8 8.5 8.3 7.9 7.7 7.6 7.6 8.7 8.8 4.5 7.5 7.6 7.5 7.4 7.2 7.1 7.7 8.3 8.5 8.5 8.4 8.5 8.6 8.7 8.9 8.9 8.9 8.8 8.8 8.8 8.9 9 8.9 9 9.1 8.9 8.9 7.5 7.1 7.9 8.4 8.4 8.4 8.4 8.3 8.2 8 8.2 7.6 7.4 6.9
7.6 7.7 7.8 7.3 -1 -1 -1 4.1 4.3 4.5 4.4 3.7 3.2 3.2 -1 -1 -1 -1 5.8 7.7 8.1 7.1 6.6 7.6 8.8 13.7 18.9 20 10.6 9.8 9.6 9.1 8.5 7.9 7.3 6.7 7.1 7.5 7.9 8.2 8.4 7.6 7.1 7.5 7.4 7.2 7.1 8.2 7.5 6.8 6.7 6.3 6.3 6.4 6.8 6.7 6.8 7.2 7.4 7.7 8 8.4 8.5 8.7 8.1 7.2 6.9 6 7.4 8.5 8.7 8.6 8.8 9 8.5 7 7 8.9 8.8 8.5 7.8 7.6 7.9 8.2 8 7.5 7.6 8.3 8.2 7.4 7.5 7.6
8 7.7 7.5 -1 -1 -1 4.5 5.2 5.5 5.5 4.6 3.9 3.2 3.2 4.1 4.8 -1 -1 5.2 7.5 7 6.5 6 6.5 8.3 9.1 9.6 10.2 9.3 8.5 8.1 7.5 7 6.5 5.9 5.4 5.5 5.7 5.9 6.1 7.7 6.5 6.4 6.5 6.7 6.6 6.4 6.6 6.4 6.3 6 4.7 4.6 4.6 4.7 5.2 5.7 6.1 7.3 7.9 8.3 8.4 8.6 8.9 8.7 7.5 6.5 6.5 8.3 9 8.9 8.5 8.8 9.1 9.1 8.2 7.2 8.1 8.5 8 7.8 7.5 7.9 8.2 8.4 8 7.2 8.3 8.2 7.7 7.9 8
7.9 7.3 4.7 -1 -1 5.3 5.6 6.1 6.6 5.9 4.8 4.1 3.2 3.2 4.2 5.3 -1 -1 5 6.7 6.1 5.7 5.2 6.1 8 8.8 8.3 7.9 8.6 7.1 6.6 6 5.5 5.4 5.4 5.4 5.8 6 5.8 5.6 5.5 5.5 6.6 5.7 5.8 5.9 5.9 5.9 5.7 5.6 5.2 3.2 5.3 4.9 4.5 5 5.4 5.6 6.9 8.2 8.4 8.5 8.7 8.9 9.2 7.9 6.4 7.5 9 8.9 8.8 8.7 8.8 8.9 9.1 8.7 7.8 7.9 8.3 8.1 7.9 7.6 7.8 8.1 8.3 8.5 8 6.8 8.2 8.2 8.3 8.3
7 6.3 -1 -1 4.9 6.7 7.3 7.6 7.2 6.1 5.1 4.3 3.4 3.3 4.4 5.1 -1 -1 4.7 5.6 5.3 4.8 5.4 6.7 8.2 7.7 7.1 6.5 6 5.6 5.5 5.5 5.4 5.4 5.4 5.6 6.1 6.5 6.9 6.5 4.7 5.2 7.4 5.2 5.3 5.4 5.4 5.5 5.5 5.1 4.9 3.9 4.2 4.7 4.6 4.7 5.1 5.2 5.8 7.3 8 8.4 8.6 8.9 8.3 6.6 7 8.5 8.9 8.8 8.8 8.7 8.7 8.8 8.9 8.9 8.3 7.9 8.3 8.2 8 7.7 7.8 8.1 8.3 8.5 8.5 7.1 8.4 8.5 8.6 8.3
7.3 5.5 -1 -1 5.5 7.5 8.3 8.3 7.6 6.3 5.3 4.5 3.6 3.5 -1 -1 -1 -1 4.1 3.8 4.1 4.7 6 7.4 8.1 7.5 7 6.5 5.9 5.5 5.5 5.5 5.5 5.5 5.4 5.8 6.3 6.7 7.2 6.7 4.8 4.7 8.5 4.7 4.8 4.9 5 5.1 5.2 4.5 4.4 4.5 2.6 3.3 2.8 5.1 5 5.2 5.7 6.3 7.3 7.8 8.2 8.2 7.4 6.5 6.7 8.9 8.6 8.5 8.5 8.4 8.4 8.6 8.8 8.9 8.4 7.8 7.6 7.8 8 7.8 7.8 8 8.1 8 7.9 6.9 8.6 8.8 8.7 8.7
6.2 4.5 -1 -1 6 8.5 9 8.9 8 6.8 5.5 4.5 -1 -1 -1 -1 -1 5.8 5.4 4.8 4.2 4.9 6.3 7.6 8.2 7.7 7.2 6.6 5.9 5.5 5.5 5.5 5.5 5.5 5.6 6 6.5 6.9 7.3 6.2 4.4 4.3 9.3 4.2 4.2 4.4 4.6 4.7 4.7 4.1 3.9 4 1.6 2.2 1.1 5.1 5 5.4 6.4 6.5 6.5 6.4 6.5 7.2 6.2 5.7 7.5 8.6 8.3 8.2 8.2 8.1 8.1 8.3 8.5 8.7 8.3 7.5 6.9 6.9 7.1 7.4 7.6 7.5 7.4 7.5 7.2 7.4 8.7 8.7 8.7 8.7
5.5 4.3 -1 -1 6.8 9.5 9.6 9.6 8.5 6.6 -1 -1 -1 -1 -1 5.6 5.7 5.3 5.2 4.8 4.2 5 6.4 7.8 8.4 7.9 7.2 6.5 5.8 5.4 5.6 5.6 5.6 5.5 5.8 6.3 6.7 7.1 7.4 7.2 5.5 4.4 10.1 4.2 3.8 4 4.1 4.2 4.6 3.9 3.8 5 4.6 6.3 -1 5.5 5.1 5.2 5.7 6.8 8.7 10 9.4 10.3 10.1 6.8 7.1 7.5 7.6 7.5 7.5 7.5 7.3 7.1 7 7 6.9 6.8 6.3 6.3 6.3 6.5 6.7 6.6 6.7 6.8 6.9 7.3 8 8.1 8 7.9
7.9 4.6 -1 -1 -1 7.1 7.9 9.6 7.1 -1 -1 -1 5.4 5.4 5.9 6.4 6.2 5.6 4.9 4.6 4.1 5.1 6.5 7.9 8.6 7.9 7.2 6.5 5.8 5.4 5.6 5.6 5.6 5.6 6 6.5 6.9 7 7.1 7.1 6.3 5.4 9.4 3.4 3.3 3.5 3.5 3.5 3.4 2.9 5.8 7.6 6.9 5.1 -1 5.9 6.8 6.6 7.1 9.5 10.5 10.7 11.8 12.6 11.7 9.6 6.3 6.9 7.6 7.8 7.8 7.8 7.7 7.7 7.5 7.5 7.4 7.2 7 6.9 6.9 7 7 6.8 7 7.1 7.2 7.2 7.3 7.4 7.2 7
6.1 5.7 4.9 -1 -1 -1 6.9 8.6 6.6 -1 -1 5.1 6.3 6.6 7.1 6.9 6.7 6.3 5.6 4.9 4.1 5.1 6.4 7.7 8 7.5 7.2 6.5 5.8 5.3 5.6 5.6 5.6 5.8 6.3 6.7 6.7 6.8 6.8 6.9 6.4 5.9 9 3.2 2.9 3.1 2.8 2.8 2.9 3.9 6.6 -1 -1 -1 -1 -1 -1 6.4 6.9 8.9 10.2 11.5 12 12.1 10.8 15.1 6.1 6.8 7.5 8.1 8.1 8.1 8.1 8.1 8 8 7.9 7.6 7.6 7.6 7.5 7.6 7.5 7.5 7.7 7.4 7.1 7.2 7.2 7 6.5 6.2
6 6.2 6 4.9 -1 -1 -1 7.5 -1 -1 -1 6.1 6.7 7.3 7.5 7.3 7.1 6.9 6.3 5.6 4.8 4.2 5.5 6.8 7.1 6.8 6.4 6.3 5.7 5.2 5.5 5.7 5.7 6 6.4 6.4 6.5 6.5 6.6 6.6 6.2 4.4 7.9 3.1 3.2 3 2.7 2.8 8 5.9 -1 -1 -1 -1 -1 -1 -1 -1 -1 8.4 7.8 7.5 11.6 11.1 12.9 14.1 6.3 7 7.6 8.1 8.4 8.4 8.4 8.4 8.4 8.4 8.3 8.3 8.2 8.2 8.1 8.2 8.1 8.2 7.9 7.5 7.2 7.3 7.2 7 6.5 6.2
5.8 5.9 6 6.1 5.1 -1 -1 9.5 -1 -1 4.9 5.7 6.5 7.2 7.4 7.5 7.5 7.3 7 6.3 5.5 4.7 4.6 5.9 6.2 6 5.6 5.4 5.2 5.2 5.4 5.7 5.8 6 6.1 6.1 6.2 6.3 6.3 5.9 5.3 3.3 6.5 2.8 2.8 2.6 2.6 2.5 5.6 -1 -1 -1 -1 -1 -1 -1 -1 -1 -1 6.8 6.7 7.1 8.5 6.6 11.1 11.4 6.2 7.2 7.7 8.2 8.3 8.3 8.3 8.3 8.3 8.3 8.3 8.5 8.7 8.8 8.8 8.7 8.7 8.4 8 7.7 7.3 7.3 7.2 7 6.6 6.5
5.6 5.7 5.7 5.8 5.9 -1 -1 8.3 -1 -1 4.2 5.1 6.2 7 7.1 7.2 7.3 7.5 7.5 7 6.2 5.4 4.6 5 5.2 5.1 -1 -1 -1 -1 -1 -1 5.7 5.8 5.9 5.9 6 6 5.5 5.1 4.4 2.8 4.9 2.6 2.4 2.2 2.1 1.7 -1 -1 -1 -1 -0.4 0.3 -0.2 -1 -1 -1 -1 -1 6.8 7.2 8 8.6 10.7 6.8 6 7.3 7.8 8 8.1 8.2 8.1 8.1 8.1 8.1 8.3 8.5 8.7 8.8 9 9 8.9 8.5 8.2 7.9 7.5 7.3 7.3 7 6.8 6.8
5.3 5.2 5.3 5.4 5.3 -1 -1 9.8 -1 -1 4.2 5.3 6.3 6.7 6.9 7 7.1 7.2 7.5 7.2 6.7 6 5.3 4.5 4 -1 -1 -1 -1 -0.4 -1 -1 -1 -1 5.6 5.7 5.6 5.2 4.9 4.4 3.5 2.4 3.2 2.7 2.3 1.9 1.7 -1 -1 -1 -1 -1 4.5 4.7 4.5 3.3 -1 -1 -1 -1 -1 6.8 4.1 3.9 7.8 5 5.9 7.1 7.8 7.8 7.8 8 8 8 8 8 8.2 8.5 8.7 8.8 9 8.5 8.3 8.3 8.2 8 7.7 7.4 7.3 7.1 6.9 7
5.4 5.2 5 4.9 4.5 -1 -1 5 -1 -1 4.4 5.4 6.3 6.5 6.6 6.7 7 7.3 7.4 6.8 6.6 6.2 5.5 2.7 -1 -1 -1 -1 3.7 3.6 3.4 -1 -1 -1 -1 -1 5 4.6 4.3 3.5 2.6 3.2 3.4 2.9 2.5 2.1 1.6 -1 -1 -1 4.6 5.9 6.4 6.1 5.8 5.4 3.8 -1 -1 -1 -1 -1 3.9 4 3.9 4.9 5.8 7 7.6 7.6 7.6 7.8 7.8 7.8 7.8 8 8.2 8.5 8.7 8.8 8.5 7.9 7.7 7.7 7.6 7.6 7.5 7.5 7.4 7.3 7.2 7.3
4.9 4.3 4.3 4.2 -1 -1 6.5 6.7 -1 -1 4.3 5.4 6.1 6.2 6.5 6.9 7.2 7.6 7.1 6.5 6 6.1 5.4 4.1 -1 -1 -1 3.5 3.3 3.3 3.3 3.3 -1 -1 -1 -1 -1 4 3.6 2.7 2.5 6.9 3.6 3.2 2.7 2.2 -1 -1 -1 -1 4.9 5.7 6.5 6.3 6 5.4 5.1 4.1 -1 -1 -1 -1 -1 3.5 4.6 5.5 5.7 6.9 7.6 7.3 7.3 7.5 7.7 7.7 7.7 7.9 8.2 8.5 8.7 8.4 7.9 7.4 7.1 7.1 7 7.1 7.5 7.7 7.7 7.6 7.4 7.2
-1 -1 -1 -1 -1 -1 5.8 6.4 -1 -1 -1 5.2 6 6.4 6.7 7.1 7.4 7.4 6.8 6.2 5.6 5.5 6 -1 -1 -1 3.3 3.3 3.3 3.3 3.4 3.6 3.7 3.7 -1 -1 -1 3.4 3.2 3 2.7 7.5 3.3 3.6 3 2.5 -1 -1 -1 5.7 5.1 5.2 6 6.5 6.3 6.1 6 4.2 1.4 -1 -1 -1 -1 3.5 4.3 4.8 4.8 5.5 5.9 7.2 7.1 7.2 7.5 7.5 7.7 7.9 8.2 8.5 8.4 7.9 7.4 6.8 6.6 7 7.4 7.8 8 8.1 8.1 7.9 7.8 7.6
-1 -1 -1 -1 5 4.1 6 5.5 -1 -1 -1 5.2 6.2 6.6 7 7.3 7.7 7.1 6.5 5.9 5.3 4.9 5.3 -1 -1 -1 3.4 3.5 3.6 3.8 3.9 4 4.2 4.2 3.8 -1 -1 -1 3.3 3.3 3.2 3.8 3.1 3.1 2.5 -1 -1 -1 -1 5.7 5.2 4.8 5.5 6.3 6.4 6.3 6.1 4.6 2.1 -1 -1 -1 -1 -1 2.8 3.6 3.8 4.1 4.4 5.6 6.6 6.9 7.2 7.4 7.6 7.8 8 8.2 8.1 7.7 7.2 6.7 7.3 7.7 8.1 8.4 8.4 8.4 8.4 8.3 8.2 8
4 5.4 6.2 6.8 6.7 5.5 5.9 5.8 4.3 -1 -1 5.1 6.4 6.8 7.2 7.5 7.5 6.8 6.2 5.6 5 4.3 4.6 -1 -1 -1 3.8 4 4.1 4.3 4.4 4.5 4.6 4.7 4.3 4.4 -1 -1 3.3 3.4 3.4 3 2.7 2.4 2.1 -1 -1 -1 4.9 5.8 5.4 5 5.1 6 6 6.1 6.1 4.9 3.1 1.3 -1 -1 -1 -1 3.1 3.4 3.7 4 4.4 4.8 5.9 6.8 7.1 7.3 7.3 7.5 7.7 7.9 7.7 7.4 7 6.6 7.4 8.4 8.7 8.7 8.7 8.7 8.7 8.7 8.6 8.4
6.2 5.8 6.3 7.2 7.3 7 6.1 5.9 4.4 -1 -1 5 6.3 7.1 7.4 7.8 7.2 6.5 5.9 5.3 4.7 4 -1 -1 -1 4.4 4.4 4.4 4.6 4.7 4.9 5 5.1 5.2 4.8 5.5 -1 -1 -1 3.9 5.2 3.3 2.9 2.5 -1 -1 -1 -1 4.9 5.2 4.9 4.6 5 5.7 5.7 6 5.6 4.6 2.5 2.3 0.7 -1 -1 -1 -1 3.4 3.4 3.8 4.6 5.5 6.2 6.8 7.1 7.2 7.2 7.3 7.4 7.6 7.4 7 6.7 6.6 7.5 8.6 8.4 8.2 8.1 7.9 8.2 8.6 8.4 8.2
6.2 6.2 6.4 7.3 7.2 6.9 6.5 6.2 4.9 -1 -1 -1 6.2 7.3 7.7 7.5 6.9 6.2 5.6 5 4.4 3.7 -1 -1 -1 5 5.1 5.1 5.1 5.2 5.3 5.5 5.6 5.7 5.3 6.3 5.9 -1 -1 4 3.8 3.4 3.3 -1 -1 -1 -1 4.6 4.2 4.5 4.3 4 4.9 6.1 5.8 5.1 4.2 3.4 2.5 2.2 2 -1 -1 -1 -1 2.5 3.1 3.8 4.4 4.9 5.6 6.8 7.1 7.1 7.2 7.2 7.2 7.3 7.1 6.9 6.7 6.5 7.1 7.6 7.1 7 6.8 7.5 8.2 8.5 8.2 8
6.6 6.6 6.5 7.4 7 6.7 6.4 6.1 5.7 -1 -1 -1 5.4 7.5 7.8 7.2 6.6 5.9 5.3 4.7 4.1 -1 -1 -1 -1 6 5.2 5.5 5.7 5.8 5.9 5.9 6.1 6.2 6.4 6.8 6.4 -1 -1 4.1 3.8 3 2.8 -1 -1 -1 5.9 5.4 4 3.6 3.6 3.7 4.4 5 4.7 3.7 2.8 2.2 1.9 1.6 3 1.6 -1 -1 -1 -1 2.9 3.5 4.7 4.7 4.8 6.9 7 7.1 7.1 7.2 7.2 7.1 7.3 7.8 7.6 7.3 6.9 6.5 5.9 6.2 6.9 7.5 8.1 8.3 8 7.7
9.4 7.5 6.9 7.2 6.9 6.6 6.3 5.9 5.6 5.2 -1 -1 -1 7.2 7.6 7.2 6.8 6.3 5.9 5.4 5 -1 -1 -1 6 6 6 5.5 5.7 5.9 6.2 6.4 6.6 6.7 6.9 6.5 -1 -1 -1 3.8 3.4 2.2 -1 -1 -1 -1 5.3 4.4 3.4 2 2.5 2.5 2.3 3.8 2.6 2 2.1 2.2 2.2 2.1 2 3 -1 -1 -1 -1 3.6 4.7 4.5 4.3 4.4 6.6 7 7.1 7.1 7.2 7.2 6.9 6.8 7.4 8 7.6 5.9 5.7 5.5 6.2 6.9 7.5 8.1 8.2 7.9 7.6
11 10.5 8.1 7.1 6.8 6.5 6.2 5.8 5.5 5.3 -1 -1 -1 6.5 7.4 7.1 6.3 6.1 5.9 5.6 -1 -1 -1 -1 5.8 6 6 6 5.7 5.9 6.2 6.4 6.6 5.6 5.7 -1 -1 -1 3.5 3.1 2.9 -1 -1 -1 -1 5.7 6 3.6 2.6 2.7 2.8 2.8 2.6 2.5 2.1 2.1 2.3 2.5 2.7 2.6 2.5 2.2 -1 -1 -1 -1 2.2 3.6 4.3 4.2 4.2 5.8 7.1 7.1 7.1 7.2 7.2 6.6 6.3 6.9 7.4 7 6.4 5.9 6.3 7.2 6.8 7.5 8.1 8.1 7.8 7.5
